function result = K(x1)
    k1 = 500;
    k2 = 5000;
    k3 = 1000000;
    result = k3*x1^2 + k2*x1 - k1;
end